yaw: 22.649841
name: castle2
pitch: 44.84997
z: -50.762016437719225
y: 87.0
world: world
x: -492.6499453045958
