yaw: 346.1998
name: castle1
pitch: 13.049902
z: 284.13329111149756
y: 85.0
world: world
x: -513.7314866190918
