yaw: 2.9992676
name: chainisland
pitch: 6.600004
z: 708.2698274665693
y: 128.0
world: world
x: 416.851435183401
