yaw: 131.39963
name: derpalotacus
pitch: 57.599945
z: 25.903578427911874
y: 82.0
world: world
x: -372.9764949177598
