yaw: -92.100746
name: eiffeltower
pitch: 28.349976
z: 963.5015845134016
y: 82.0
world: world
x: 1045.1302906240364
