yaw: 46.79926
name: jail
pitch: 27.450027
z: 897.0953128057968
y: 78.0
world: world
x: 346.3364874249128
