yaw: 264.7492
name: mojang
pitch: 41.399998
z: 614.4656299765295
y: 126.0
world: world
x: 428.7477185731757
