yaw: -148.66899
name: newbbank
pitch: 24.749817
z: 281.405672948957
y: 81.0
world: world
x: 152.22173307401857
