yaw: 58.930965
name: sandskull
pitch: 16.199827
z: 265.15764596276455
y: 117.0
world: world
x: -52.604167319853005
