yaw: -65.551506
name: waterisland
pitch: -1.199961
z: 549.625
y: 126.0
world: world
x: 1048.46875
