dread1:
    yaw: -103.04969
    pitch: 30.449999
    z: 377.46875
    y: 63.0
    world: world
    x: 263.125
