yaw: -181.20125
name: boat1
pitch: 68.54994
z: 430.54004941715255
y: 93.0
world: world
x: 802.1722900808775
