yaw: 67.04971
name: dragonbone
pitch: 64.64995
z: -40.12485675602939
y: 97.0
world: world
x: -771.4175776687972
