yaw: -179.11903
name: newbhouse
pitch: 12.899825
z: 351.09375
y: 70.0
world: world
x: 107.9375
