yaw: -27.151495
name: rollercoaster
pitch: 10.20002
z: 1331.1897821712823
y: 106.0
world: world
x: 597.6697860979609
