yaw: 212.54977
name: shroomvillage
pitch: 20.999973
z: 121.44544219056942
y: 85.0
world: world
x: 44.35544355400119
